123455
tima vlas
10, 9, 4, 5, 4
6.4
2, 8, 8, 8, 9
7

153501
dima
10, 10
10
1, 3, 4, 5
3.25

153501
kirill
5, 10, 8, 7, 9
7.8
1, 3, 6, 7, 8, 6, 7
5.42857

153501
zak vdfg
5, 10, 8, 7, 3
6.6
1, 3, 4, 5, 6, 7
4.33333

153502
buka 
5, 10, 8, 7, 3
6.6
1, 3, 4
2.66667

153504
zhenya ivanov
5, 10, 8, 7, 3, 2
5.83333
2, 2, 5
3

153504
vladislav coco
5, 10, 8, 7
7.5
1, 3, 4, 5, 6, 7
4.33333

153506
gena bukin
5, 7, 3
5
1, 3, 4
2.66667

153506
kesha
5, 10, 8, 7, 1
6.2
5, 6, 7, 8
6.5

153506
vlad ivanov
5, 10, 8, 7, 3
6.6
10, 10, 10
10

